OK: False
Reason: profit_target not reached

Rules:
  initial_equity=10200.0
  max_daily_loss_pct=5.0
  max_total_loss_pct=0.1
  max_drawdown_pct=10.0
  profit_target_pct=10.0
  min_trading_days=None

Diagnostics:
  min_equity: 10404.0
  total_loss_pct: 0.02
  worst_day_pnl_pct: -0.14071030842065485
  max_drawdown_pct: -0.22287380569579618
  peak_equity: 19761.88874330912
  trough_equity: 15357.4813913509
  max_dd_pct: -0.22287380569579618
  profit_target_equity: 112200.0
