OK: True
Reason: OK

Rules:
  initial_equity=10000.0
  max_daily_loss_pct=0.05
  max_total_loss_pct=0.1
  max_drawdown_pct=0.1
  profit_target_pct=0.1
  min_trading_days=None

Diagnostics:
  min_equity: 10000.0
  total_loss_pct: 0.0
  worst_day_pnl_pct: -0.03690489218120531
  max_drawdown_pct: -0.06071319730419071
  peak_equity: 11839.16078574524
  trough_equity: 11120.367481044252
  max_dd_pct: -0.06071319730419071
  profit_target_equity: 11000.0
